[CAMERA_0]
POSITION=0.0 ,1.26318 ,0.295644
FORWARD=0.0212599 ,-0.169122 ,0.985365
UP=0.00379119 ,0.985594 ,0.16908
FOV=60
EXPOSURE=40

[CAMERA_1]
POSITION=1.17982 ,0.493257 ,0.20164
FORWARD=-0.321862 ,-0.0791227 ,0.943473
UP=-0.0209427 ,0.996853 ,0.0764556
FOV=60
EXPOSURE=40

[CAMERA_2]
POSITION=0.0338936 ,0.999081 ,-0.476233
FORWARD=0.119112 ,-0.198443 ,0.972846
UP=0.0228628 ,0.980112 ,0.197127
FOV=60
EXPOSURE=40

[CAMERA_3]
POSITION=0.0 ,1.25539 ,-0.674867
FORWARD=-0.0220579 ,-0.269207 ,-0.962829
UP=-0.00714005 ,0.963083 ,-0.269113
FOV=60
EXPOSURE=40

